#    km   O [cm-3]  N2 [cm-3]  O2 [cm-3]  He [cm-3]
    0.0  0.000E+00  2.201E+19  5.905E+18  1.477E+14
    0.6  0.000E+00  2.050E+19  5.500E+18  1.376E+14
    1.2  0.000E+00  1.912E+19  5.128E+18  1.283E+14
    1.8  0.000E+00  1.784E+19  4.786E+18  1.197E+14
    2.4  0.000E+00  1.665E+19  4.467E+18  1.117E+14
    3.0  0.000E+00  1.554E+19  4.170E+18  1.043E+14
    3.6  0.000E+00  1.450E+19  3.891E+18  9.732E+13
    4.2  0.000E+00  1.352E+19  3.627E+18  9.074E+13
    4.8  0.000E+00  1.259E+19  3.378E+18  8.451E+13
    5.4  0.000E+00  1.171E+19  3.142E+18  7.861E+13
    6.0  0.000E+00  1.088E+19  2.919E+18  7.301E+13
    6.6  0.000E+00  1.009E+19  2.706E+18  6.769E+13
    7.2  0.000E+00  9.335E+18  2.504E+18  6.265E+13
    7.8  0.000E+00  8.622E+18  2.313E+18  5.786E+13
    8.4  0.000E+00  7.947E+18  2.132E+18  5.333E+13
    9.0  0.000E+00  7.308E+18  1.961E+18  4.904E+13
    9.6  0.000E+00  6.706E+18  1.799E+18  4.500E+13
   10.2  0.000E+00  6.139E+18  1.647E+18  4.120E+13
   10.8  0.000E+00  5.609E+18  1.505E+18  3.764E+13
   11.4  0.000E+00  5.115E+18  1.372E+18  3.433E+13
   12.0  0.000E+00  4.660E+18  1.250E+18  3.127E+13
   12.6  0.000E+00  4.241E+18  1.138E+18  2.846E+13
   13.2  0.000E+00  3.858E+18  1.035E+18  2.589E+13
   13.8  0.000E+00  3.509E+18  9.413E+17  2.355E+13
   14.4  0.000E+00  3.192E+18  8.562E+17  2.142E+13
   15.0  0.000E+00  2.904E+18  7.791E+17  1.949E+13
   15.6  0.000E+00  2.644E+18  7.093E+17  1.774E+13
   16.2  0.000E+00  2.408E+18  6.459E+17  1.616E+13
   16.8  0.000E+00  2.192E+18  5.881E+17  1.471E+13
   17.4  0.000E+00  1.996E+18  5.354E+17  1.339E+13
   18.0  0.000E+00  1.816E+18  4.872E+17  1.219E+13
   18.6  0.000E+00  1.651E+18  4.430E+17  1.108E+13
   19.2  0.000E+00  1.500E+18  4.024E+17  1.007E+13
   19.8  0.000E+00  1.361E+18  3.652E+17  9.136E+12
   20.4  0.000E+00  1.234E+18  3.310E+17  8.281E+12
   21.0  0.000E+00  1.117E+18  2.997E+17  7.498E+12
   21.6  0.000E+00  1.011E+18  2.711E+17  6.781E+12
   22.2  0.000E+00  9.130E+17  2.449E+17  6.127E+12
   22.8  0.000E+00  8.241E+17  2.211E+17  5.530E+12
   23.4  0.000E+00  7.432E+17  1.994E+17  4.987E+12
   24.0  0.000E+00  6.697E+17  1.797E+17  4.494E+12
   24.6  0.000E+00  6.030E+17  1.618E+17  4.046E+12
   25.2  0.000E+00  5.425E+17  1.455E+17  3.641E+12
   25.8  0.000E+00  4.878E+17  1.309E+17  3.274E+12
   26.4  0.000E+00  4.384E+17  1.176E+17  2.942E+12
   27.0  0.000E+00  3.938E+17  1.056E+17  2.643E+12
   27.6  0.000E+00  3.536E+17  9.485E+16  2.373E+12
   28.2  0.000E+00  3.173E+17  8.512E+16  2.129E+12
   28.8  0.000E+00  2.847E+17  7.638E+16  1.911E+12
   29.4  0.000E+00  2.554E+17  6.851E+16  1.714E+12
   30.0  0.000E+00  2.290E+17  6.144E+16  1.537E+12
   30.6  0.000E+00  2.054E+17  5.509E+16  1.378E+12
   31.2  0.000E+00  1.841E+17  4.939E+16  1.236E+12
   31.8  0.000E+00  1.651E+17  4.428E+16  1.108E+12
   32.4  0.000E+00  1.480E+17  3.970E+16  9.932E+11
   33.0  0.000E+00  1.328E+17  3.562E+16  8.910E+11
   33.6  0.000E+00  1.193E+17  3.201E+16  8.008E+11
   34.2  0.000E+00  1.074E+17  2.882E+16  7.209E+11
   34.8  0.000E+00  9.687E+16  2.599E+16  6.501E+11
   35.4  0.000E+00  8.749E+16  2.347E+16  5.871E+11
   36.0  0.000E+00  7.913E+16  2.123E+16  5.310E+11
   36.6  0.000E+00  7.168E+16  1.923E+16  4.810E+11
   37.2  0.000E+00  6.502E+16  1.744E+16  4.363E+11
   37.8  0.000E+00  5.906E+16  1.584E+16  3.963E+11
   38.4  0.000E+00  5.372E+16  1.441E+16  3.605E+11
   39.0  0.000E+00  4.891E+16  1.312E+16  3.282E+11
   39.6  0.000E+00  4.459E+16  1.196E+16  2.992E+11
   40.2  0.000E+00  4.070E+16  1.092E+16  2.731E+11
   40.8  0.000E+00  3.718E+16  9.975E+15  2.495E+11
   41.4  0.000E+00  3.401E+16  9.123E+15  2.282E+11
   42.0  0.000E+00  3.113E+16  8.352E+15  2.089E+11
   42.6  0.000E+00  2.852E+16  7.652E+15  1.914E+11
   43.2  0.000E+00  2.616E+16  7.017E+15  1.755E+11
   43.8  0.000E+00  2.401E+16  6.440E+15  1.611E+11
   44.4  0.000E+00  2.205E+16  5.915E+15  1.480E+11
   45.0  0.000E+00  2.027E+16  5.437E+15  1.360E+11
   45.6  0.000E+00  1.864E+16  5.000E+15  1.251E+11
   46.2  0.000E+00  1.715E+16  4.602E+15  1.151E+11
   46.8  0.000E+00  1.580E+16  4.238E+15  1.060E+11
   47.4  0.000E+00  1.456E+16  3.905E+15  9.768E+10
   48.0  0.000E+00  1.342E+16  3.601E+15  9.007E+10
   48.6  0.000E+00  1.238E+16  3.322E+15  8.309E+10
   49.2  0.000E+00  1.143E+16  3.066E+15  7.670E+10
   49.8  0.000E+00  1.056E+16  2.832E+15  7.084E+10
   50.4  0.000E+00  9.754E+15  2.617E+15  6.546E+10
   51.0  0.000E+00  9.018E+15  2.419E+15  6.052E+10
   51.6  0.000E+00  8.341E+15  2.238E+15  5.597E+10
   52.2  0.000E+00  7.719E+15  2.071E+15  5.180E+10
   52.8  0.000E+00  7.146E+15  1.917E+15  4.795E+10
   53.4  0.000E+00  6.618E+15  1.776E+15  4.441E+10
   54.0  0.000E+00  6.132E+15  1.645E+15  4.115E+10
   54.6  0.000E+00  5.684E+15  1.525E+15  3.814E+10
   55.2  0.000E+00  5.270E+15  1.414E+15  3.536E+10
   55.8  0.000E+00  4.887E+15  1.311E+15  3.280E+10
   56.4  0.000E+00  4.534E+15  1.216E+15  3.043E+10
   57.0  0.000E+00  4.207E+15  1.129E+15  2.823E+10
   57.6  0.000E+00  3.903E+15  1.047E+15  2.619E+10
   58.2  0.000E+00  3.622E+15  9.717E+14  2.431E+10
   58.8  0.000E+00  3.361E+15  9.017E+14  2.256E+10
   59.4  0.000E+00  3.119E+15  8.367E+14  2.093E+10
   60.0  0.000E+00  2.894E+15  7.763E+14  1.942E+10
   60.6  0.000E+00  2.685E+15  7.202E+14  1.802E+10
   61.2  0.000E+00  2.490E+15  6.680E+14  1.671E+10
   61.8  0.000E+00  2.309E+15  6.194E+14  1.550E+10
   62.4  0.000E+00  2.141E+15  5.743E+14  1.436E+10
   63.0  0.000E+00  1.984E+15  5.321E+14  1.332E+10
   63.6  0.000E+00  1.838E+15  4.929E+14  1.235E+10
   64.2  0.000E+00  1.702E+15  4.564E+14  1.145E+10
   64.8  0.000E+00  1.576E+15  4.225E+14  1.061E+10
   65.4  0.000E+00  1.458E+15  3.909E+14  9.829E+09
   66.0  0.000E+00  1.349E+15  3.615E+14  9.099E+09
   66.6  0.000E+00  1.247E+15  3.342E+14  8.420E+09
   67.2  0.000E+00  1.152E+15  3.087E+14  7.788E+09
   67.8  0.000E+00  1.064E+15  2.851E+14  7.199E+09
   68.4  0.000E+00  9.823E+14  2.631E+14  6.652E+09
   69.0  0.000E+00  9.062E+14  2.427E+14  6.143E+09
   69.6  0.000E+00  8.357E+14  2.238E+14  5.669E+09
   70.2  0.000E+00  7.702E+14  2.062E+14  5.230E+09
   70.8  0.000E+00  7.094E+14  1.899E+14  4.822E+09
   71.4  0.000E+00  6.531E+14  1.748E+14  4.443E+09
   72.0  0.000E+00  6.009E+14  1.608E+14  4.092E+09
   72.6  1.248E+07  5.542E+14  1.483E+14  3.777E+09
   73.2  2.014E+07  5.094E+14  1.363E+14  3.477E+09
   73.8  3.237E+07  4.681E+14  1.252E+14  3.199E+09
   74.4  5.178E+07  4.300E+14  1.150E+14  2.944E+09
   75.0  8.231E+07  3.949E+14  1.056E+14  2.708E+09
   75.6  1.299E+08  3.626E+14  9.692E+13  2.491E+09
   76.2  2.032E+08  3.329E+14  8.894E+13  2.291E+09
   76.8  3.148E+08  3.055E+14  8.160E+13  2.107E+09
   77.4  4.827E+08  2.803E+14  7.485E+13  1.938E+09
   78.0  7.318E+08  2.571E+14  6.864E+13  1.783E+09
   78.6  1.096E+09  2.359E+14  6.293E+13  1.640E+09
   79.2  1.620E+09  2.163E+14  5.769E+13  1.509E+09
   79.8  2.363E+09  1.984E+14  5.288E+13  1.388E+09
   80.4  3.398E+09  1.819E+14  4.846E+13  1.277E+09
   81.0  4.818E+09  1.667E+14  4.440E+13  1.176E+09
   81.6  6.730E+09  1.529E+14  4.067E+13  1.082E+09
   82.2  9.262E+09  1.401E+14  3.726E+13  9.968E+08
   82.8  1.256E+10  1.284E+14  3.412E+13  9.182E+08
   83.4  1.677E+10  1.177E+14  3.124E+13  8.461E+08
   84.0  2.205E+10  1.078E+14  2.861E+13  7.800E+08
   84.6  2.857E+10  9.880E+13  2.619E+13  7.193E+08
   85.2  3.647E+10  9.052E+13  2.397E+13  6.636E+08
   85.8  4.588E+10  8.292E+13  2.193E+13  6.126E+08
   86.4  5.688E+10  7.596E+13  2.006E+13  5.657E+08
   87.0  6.954E+10  6.957E+13  1.835E+13  5.228E+08
   87.6  8.384E+10  6.371E+13  1.678E+13  4.834E+08
   88.2  9.975E+10  5.833E+13  1.534E+13  4.473E+08
   88.8  1.171E+11  5.340E+13  1.403E+13  4.141E+08
   89.4  1.358E+11  4.888E+13  1.282E+13  3.838E+08
   90.0  1.556E+11  4.474E+13  1.171E+13  3.559E+08
   90.6  1.761E+11  4.093E+13  1.069E+13  3.303E+08
   91.2  1.971E+11  3.744E+13  9.755E+12  3.069E+08
   91.8  2.183E+11  3.424E+13  8.898E+12  2.853E+08
   92.4  2.391E+11  3.129E+13  8.110E+12  2.655E+08
   93.0  2.593E+11  2.858E+13  7.387E+12  2.472E+08
   93.6  2.785E+11  2.609E+13  6.722E+12  2.304E+08
   94.2  2.963E+11  2.380E+13  6.111E+12  2.150E+08
   94.8  3.125E+11  2.169E+13  5.550E+12  2.008E+08
   95.4  3.268E+11  1.976E+13  5.035E+12  1.877E+08
   96.0  3.390E+11  1.798E+13  4.563E+12  1.757E+08
   96.6  3.490E+11  1.635E+13  4.130E+12  1.646E+08
   97.2  3.567E+11  1.485E+13  3.734E+12  1.544E+08
   97.8  3.621E+11  1.348E+13  3.372E+12  1.450E+08
   98.4  3.652E+11  1.222E+13  3.041E+12  1.364E+08
   99.0  3.662E+11  1.108E+13  2.738E+12  1.284E+08
   99.6  3.651E+11  1.003E+13  2.463E+12  1.211E+08
  100.2  3.622E+11  9.070E+12  2.212E+12  1.144E+08
  100.8  3.575E+11  8.197E+12  1.985E+12  1.082E+08
  101.4  3.512E+11  7.402E+12  1.778E+12  1.025E+08
  102.0  3.436E+11  6.679E+12  1.592E+12  9.729E+07
  102.6  3.349E+11  6.023E+12  1.423E+12  9.247E+07
  103.2  3.253E+11  5.428E+12  1.270E+12  8.803E+07
  103.8  3.149E+11  4.890E+12  1.133E+12  8.393E+07
  104.4  3.039E+11  4.402E+12  1.010E+12  8.015E+07
  105.0  2.925E+11  3.961E+12  8.988E+11  7.666E+07
  105.6  2.808E+11  3.564E+12  7.995E+11  7.342E+07
  106.2  2.689E+11  3.205E+12  7.106E+11  7.042E+07
  106.8  2.570E+11  2.881E+12  6.311E+11  6.763E+07
  107.4  2.451E+11  2.589E+12  5.601E+11  6.502E+07
  108.0  2.333E+11  2.327E+12  4.968E+11  6.259E+07
  108.6  2.217E+11  2.091E+12  4.404E+11  6.031E+07
  109.2  2.102E+11  1.878E+12  3.903E+11  5.817E+07
  109.8  1.990E+11  1.687E+12  3.457E+11  5.615E+07
  110.4  1.881E+11  1.515E+12  3.061E+11  5.423E+07
  111.0  1.776E+11  1.361E+12  2.710E+11  5.242E+07
  111.6  1.674E+11  1.223E+12  2.400E+11  5.071E+07
  112.2  1.576E+11  1.099E+12  2.125E+11  4.908E+07
  112.8  1.483E+11  9.888E+11  1.883E+11  4.755E+07
  113.4  1.394E+11  8.900E+11  1.670E+11  4.610E+07
  114.0  1.309E+11  8.018E+11  1.482E+11  4.473E+07
  114.6  1.229E+11  7.231E+11  1.317E+11  4.345E+07
  115.2  1.154E+11  6.529E+11  1.172E+11  4.225E+07
  115.8  1.083E+11  5.904E+11  1.044E+11  4.112E+07
  116.4  1.017E+11  5.346E+11  9.320E+10  4.008E+07
  117.0  9.553E+10  4.850E+11  8.335E+10  3.912E+07
  117.6  8.977E+10  4.408E+11  7.470E+10  3.824E+07
  118.2  8.442E+10  4.015E+11  6.711E+10  3.744E+07
  118.8  7.948E+10  3.665E+11  6.044E+10  3.673E+07
  119.4  7.493E+10  3.355E+11  5.459E+10  3.611E+07
  120.0  7.077E+10  3.079E+11  4.947E+10  3.559E+07
  120.6  6.697E+10  2.835E+11  4.497E+10  3.516E+07
  121.2  6.353E+10  2.619E+11  4.104E+10  3.485E+07
  121.8  6.044E+10  2.429E+11  3.760E+10  3.464E+07
  122.4  5.769E+10  2.262E+11  3.461E+10  3.455E+07
  123.0  5.534E+10  2.118E+11  3.204E+10  3.460E+07
  123.6  5.311E+10  1.986E+11  2.971E+10  3.472E+07
  124.2  5.101E+10  1.864E+11  2.758E+10  3.489E+07
  124.8  4.902E+10  1.752E+11  2.565E+10  3.512E+07
  125.4  4.714E+10  1.649E+11  2.389E+10  3.539E+07
  126.0  4.536E+10  1.553E+11  2.228E+10  3.571E+07
  126.6  4.368E+10  1.465E+11  2.080E+10  3.607E+07
  127.2  4.207E+10  1.383E+11  1.945E+10  3.645E+07
  127.8  4.056E+10  1.307E+11  1.821E+10  3.685E+07
  128.4  3.911E+10  1.236E+11  1.707E+10  3.727E+07
  129.0  3.774E+10  1.170E+11  1.601E+10  3.770E+07
  129.6  3.643E+10  1.109E+11  1.504E+10  3.812E+07
  130.2  3.518E+10  1.051E+11  1.415E+10  3.853E+07
  130.8  3.400E+10  9.977E+10  1.332E+10  3.893E+07
  131.4  3.287E+10  9.476E+10  1.255E+10  3.931E+07
  132.0  3.179E+10  9.006E+10  1.183E+10  3.965E+07
  132.6  3.075E+10  8.566E+10  1.117E+10  3.996E+07
  133.2  2.977E+10  8.153E+10  1.055E+10  4.024E+07
  133.8  2.882E+10  7.765E+10  9.976E+09  4.048E+07
  134.4  2.792E+10  7.399E+10  9.440E+09  4.067E+07
  135.0  2.706E+10  7.056E+10  8.939E+09  4.083E+07
  135.6  2.623E+10  6.732E+10  8.471E+09  4.094E+07
  136.2  2.544E+10  6.427E+10  8.034E+09  4.101E+07
  136.8  2.468E+10  6.139E+10  7.624E+09  4.105E+07
  137.4  2.395E+10  5.866E+10  7.240E+09  4.105E+07
  138.0  2.324E+10  5.609E+10  6.880E+09  4.102E+07
  138.6  2.257E+10  5.366E+10  6.541E+09  4.096E+07
  139.2  2.193E+10  5.136E+10  6.223E+09  4.087E+07
  139.8  2.130E+10  4.917E+10  5.923E+09  4.075E+07
  140.4  2.071E+10  4.711E+10  5.641E+09  4.061E+07
  141.0  2.013E+10  4.514E+10  5.376E+09  4.045E+07
  141.6  1.958E+10  4.328E+10  5.125E+09  4.028E+07
  142.2  1.904E+10  4.151E+10  4.889E+09  4.009E+07
  142.8  1.853E+10  3.983E+10  4.665E+09  3.988E+07
  143.4  1.803E+10  3.824E+10  4.454E+09  3.967E+07
  144.0  1.756E+10  3.672E+10  4.254E+09  3.945E+07
  144.6  1.709E+10  3.527E+10  4.065E+09  3.921E+07
  145.2  1.665E+10  3.389E+10  3.886E+09  3.898E+07
  145.8  1.622E+10  3.258E+10  3.716E+09  3.873E+07
  146.4  1.581E+10  3.132E+10  3.555E+09  3.849E+07
  147.0  1.540E+10  3.013E+10  3.402E+09  3.824E+07
  147.6  1.502E+10  2.899E+10  3.257E+09  3.799E+07
  148.2  1.464E+10  2.790E+10  3.120E+09  3.774E+07
  148.8  1.428E+10  2.686E+10  2.989E+09  3.749E+07
  149.4  1.393E+10  2.587E+10  2.864E+09  3.724E+07
  150.0  1.359E+10  2.492E+10  2.746E+09  3.699E+07
  150.6  1.326E+10  2.401E+10  2.633E+09  3.674E+07
  151.2  1.295E+10  2.314E+10  2.526E+09  3.649E+07
  151.8  1.264E+10  2.231E+10  2.423E+09  3.624E+07
  152.4  1.234E+10  2.151E+10  2.326E+09  3.600E+07
  153.0  1.205E+10  2.074E+10  2.233E+09  3.576E+07
  153.6  1.177E+10  2.001E+10  2.144E+09  3.552E+07
  154.2  1.150E+10  1.931E+10  2.060E+09  3.528E+07
  154.8  1.123E+10  1.864E+10  1.979E+09  3.505E+07
  155.4  1.098E+10  1.799E+10  1.902E+09  3.482E+07
  156.0  1.073E+10  1.737E+10  1.828E+09  3.459E+07
  156.6  1.049E+10  1.678E+10  1.758E+09  3.436E+07
  157.2  1.026E+10  1.621E+10  1.690E+09  3.414E+07
  157.8  1.003E+10  1.566E+10  1.626E+09  3.392E+07
  158.4  9.807E+09  1.513E+10  1.564E+09  3.371E+07
  159.0  9.592E+09  1.462E+10  1.505E+09  3.349E+07
  159.6  9.383E+09  1.414E+10  1.449E+09  3.328E+07
  160.2  9.180E+09  1.365E+10  1.395E+09  3.307E+07
  160.8  8.983E+09  1.320E+10  1.343E+09  3.287E+07
  161.4  8.791E+09  1.277E+10  1.293E+09  3.267E+07
  162.0  8.604E+09  1.235E+10  1.246E+09  3.247E+07
  162.6  8.422E+09  1.195E+10  1.200E+09  3.227E+07
  163.2  8.245E+09  1.156E+10  1.156E+09  3.208E+07
  163.8  8.073E+09  1.119E+10  1.114E+09  3.188E+07
  164.4  7.905E+09  1.083E+10  1.074E+09  3.169E+07
  165.0  7.742E+09  1.049E+10  1.035E+09  3.151E+07
  165.6  7.583E+09  1.015E+10  9.982E+08  3.132E+07
  166.2  7.428E+09  9.833E+09  9.626E+08  3.114E+07
  166.8  7.276E+09  9.524E+09  9.283E+08  3.096E+07
  167.4  7.129E+09  9.225E+09  8.955E+08  3.079E+07
  168.0  6.985E+09  8.937E+09  8.639E+08  3.061E+07
  168.6  6.845E+09  8.659E+09  8.335E+08  3.044E+07
  169.2  6.709E+09  8.391E+09  8.044E+08  3.027E+07
  169.8  6.576E+09  8.132E+09  7.763E+08  3.010E+07
  170.4  6.446E+09  7.882E+09  7.493E+08  2.994E+07
  171.0  6.319E+09  7.640E+09  7.234E+08  2.977E+07
  171.6  6.195E+09  7.407E+09  6.984E+08  2.961E+07
  172.2  6.074E+09  7.182E+09  6.744E+08  2.945E+07
  172.8  5.956E+09  6.964E+09  6.513E+08  2.929E+07
  173.4  5.841E+09  6.754E+09  6.291E+08  2.913E+07
  174.0  5.729E+09  6.550E+09  6.076E+08  2.898E+07
  174.6  5.619E+09  6.354E+09  5.870E+08  2.883E+07
  175.2  5.512E+09  6.164E+09  5.671E+08  2.868E+07
  175.8  5.407E+09  5.980E+09  5.480E+08  2.853E+07
  176.4  5.304E+09  5.802E+09  5.296E+08  2.838E+07
  177.0  5.204E+09  5.630E+09  5.118E+08  2.823E+07
  177.6  5.107E+09  5.464E+09  4.947E+08  2.809E+07
  178.2  5.011E+09  5.303E+09  4.782E+08  2.795E+07
  178.8  4.918E+09  5.147E+09  4.623E+08  2.781E+07
  179.4  4.826E+09  4.996E+09  4.470E+08  2.767E+07
  180.0  4.737E+09  4.851E+09  4.322E+08  2.753E+07
  180.6  4.650E+09  4.709E+09  4.179E+08  2.739E+07
  181.2  4.564E+09  4.572E+09  4.042E+08  2.726E+07
  181.8  4.481E+09  4.440E+09  3.909E+08  2.712E+07
  182.4  4.399E+09  4.312E+09  3.781E+08  2.699E+07
  183.0  4.319E+09  4.187E+09  3.658E+08  2.686E+07
  183.6  4.241E+09  4.067E+09  3.538E+08  2.673E+07
  184.2  4.164E+09  3.950E+09  3.423E+08  2.660E+07
  184.8  4.089E+09  3.837E+09  3.312E+08  2.647E+07
  185.4  4.016E+09  3.728E+09  3.205E+08  2.634E+07
  186.0  3.944E+09  3.622E+09  3.102E+08  2.622E+07
  186.6  3.873E+09  3.519E+09  3.002E+08  2.610E+07
  187.2  3.805E+09  3.419E+09  2.905E+08  2.597E+07
  187.8  3.737E+09  3.322E+09  2.812E+08  2.585E+07
  188.4  3.671E+09  3.229E+09  2.722E+08  2.573E+07
  189.0  3.606E+09  3.138E+09  2.635E+08  2.561E+07
  189.6  3.543E+09  3.050E+09  2.551E+08  2.549E+07
  190.2  3.481E+09  2.964E+09  2.470E+08  2.537E+07
  190.8  3.420E+09  2.881E+09  2.392E+08  2.526E+07
  191.4  3.360E+09  2.801E+09  2.316E+08  2.514E+07
  192.0  3.302E+09  2.723E+09  2.243E+08  2.503E+07
  192.6  3.245E+09  2.647E+09  2.172E+08  2.492E+07
  193.2  3.189E+09  2.573E+09  2.103E+08  2.480E+07
  193.8  3.134E+09  2.502E+09  2.037E+08  2.469E+07
  194.4  3.080E+09  2.433E+09  1.973E+08  2.458E+07
  195.0  3.027E+09  2.366E+09  1.911E+08  2.447E+07
  195.6  2.975E+09  2.301E+09  1.852E+08  2.436E+07
  196.2  2.924E+09  2.237E+09  1.794E+08  2.425E+07
  196.8  2.875E+09  2.176E+09  1.738E+08  2.415E+07
  197.4  2.826E+09  2.116E+09  1.684E+08  2.404E+07
  198.0  2.778E+09  2.058E+09  1.631E+08  2.394E+07
  198.6  2.731E+09  2.002E+09  1.581E+08  2.383E+07
  199.2  2.685E+09  1.947E+09  1.532E+08  2.373E+07
  199.8  2.640E+09  1.894E+09  1.484E+08  2.362E+07
  200.4  2.595E+09  1.843E+09  1.439E+08  2.351E+07
  201.0  2.552E+09  1.793E+09  1.394E+08  2.341E+07
  201.6  2.509E+09  1.744E+09  1.351E+08  2.331E+07
  202.2  2.467E+09  1.697E+09  1.310E+08  2.321E+07
  202.8  2.426E+09  1.651E+09  1.270E+08  2.311E+07
  203.4  2.386E+09  1.607E+09  1.231E+08  2.301E+07
  204.0  2.347E+09  1.563E+09  1.193E+08  2.292E+07
  204.6  2.308E+09  1.521E+09  1.156E+08  2.282E+07
  205.2  2.270E+09  1.480E+09  1.121E+08  2.272E+07
  205.8  2.232E+09  1.441E+09  1.087E+08  2.263E+07
  206.4  2.196E+09  1.402E+09  1.054E+08  2.253E+07
  207.0  2.160E+09  1.364E+09  1.022E+08  2.244E+07
  207.6  2.124E+09  1.328E+09  9.907E+07  2.235E+07
  208.2  2.089E+09  1.293E+09  9.606E+07  2.225E+07
  208.8  2.055E+09  1.258E+09  9.315E+07  2.216E+07
  209.4  2.022E+09  1.225E+09  9.032E+07  2.207E+07
  210.0  1.989E+09  1.192E+09  8.759E+07  2.198E+07
  210.6  1.957E+09  1.160E+09  8.494E+07  2.189E+07
  211.2  1.925E+09  1.130E+09  8.238E+07  2.180E+07
  211.8  1.894E+09  1.100E+09  7.990E+07  2.171E+07
  212.4  1.863E+09  1.070E+09  7.749E+07  2.162E+07
  213.0  1.833E+09  1.042E+09  7.516E+07  2.153E+07
  213.6  1.804E+09  1.015E+09  7.290E+07  2.144E+07
  214.2  1.775E+09  9.878E+08  7.071E+07  2.136E+07
  214.8  1.746E+09  9.618E+08  6.859E+07  2.127E+07
  215.4  1.718E+09  9.365E+08  6.653E+07  2.118E+07
  216.0  1.691E+09  9.118E+08  6.454E+07  2.110E+07
  216.6  1.664E+09  8.879E+08  6.261E+07  2.101E+07
  217.2  1.637E+09  8.646E+08  6.074E+07  2.093E+07
  217.8  1.611E+09  8.419E+08  5.893E+07  2.084E+07
  218.4  1.586E+09  8.198E+08  5.717E+07  2.076E+07
  219.0  1.561E+09  7.984E+08  5.547E+07  2.068E+07
  219.6  1.536E+09  7.775E+08  5.382E+07  2.059E+07
  220.2  1.512E+09  7.572E+08  5.222E+07  2.051E+07
  220.8  1.488E+09  7.374E+08  5.067E+07  2.043E+07
  221.4  1.464E+09  7.182E+08  4.916E+07  2.035E+07
  222.0  1.441E+09  6.995E+08  4.770E+07  2.027E+07
  222.6  1.419E+09  6.813E+08  4.629E+07  2.019E+07
  223.2  1.396E+09  6.636E+08  4.492E+07  2.011E+07
  223.8  1.374E+09  6.463E+08  4.359E+07  2.003E+07
  224.4  1.353E+09  6.296E+08  4.230E+07  1.995E+07
  225.0  1.332E+09  6.132E+08  4.105E+07  1.987E+07
  225.6  1.311E+09  5.973E+08  3.984E+07  1.979E+07
  226.2  1.290E+09  5.819E+08  3.867E+07  1.972E+07
  226.8  1.270E+09  5.668E+08  3.753E+07  1.964E+07
  227.4  1.251E+09  5.522E+08  3.642E+07  1.956E+07
  228.0  1.231E+09  5.379E+08  3.535E+07  1.949E+07
  228.6  1.212E+09  5.240E+08  3.431E+07  1.941E+07
  229.2  1.193E+09  5.105E+08  3.330E+07  1.934E+07
  229.8  1.175E+09  4.973E+08  3.233E+07  1.926E+07
  230.4  1.157E+09  4.845E+08  3.138E+07  1.919E+07
  231.0  1.139E+09  4.720E+08  3.046E+07  1.911E+07
  231.6  1.121E+09  4.599E+08  2.957E+07  1.904E+07
  232.2  1.104E+09  4.481E+08  2.870E+07  1.897E+07
  232.8  1.087E+09  4.366E+08  2.786E+07  1.889E+07
  233.4  1.070E+09  4.254E+08  2.705E+07  1.882E+07
  234.0  1.054E+09  4.145E+08  2.626E+07  1.875E+07
  234.6  1.038E+09  4.038E+08  2.549E+07  1.868E+07
  235.2  1.022E+09  3.935E+08  2.475E+07  1.860E+07
  235.8  1.006E+09  3.834E+08  2.402E+07  1.853E+07
  236.4  9.907E+08  3.736E+08  2.332E+07  1.846E+07
  237.0  9.755E+08  3.641E+08  2.265E+07  1.839E+07
  237.6  9.606E+08  3.548E+08  2.199E+07  1.832E+07
  238.2  9.460E+08  3.457E+08  2.135E+07  1.825E+07
  238.8  9.316E+08  3.369E+08  2.073E+07  1.818E+07
  239.4  9.174E+08  3.283E+08  2.012E+07  1.811E+07
  240.0  9.035E+08  3.199E+08  1.954E+07  1.804E+07
  240.6  8.897E+08  3.118E+08  1.897E+07  1.798E+07
  241.2  8.762E+08  3.038E+08  1.842E+07  1.791E+07
  241.8  8.630E+08  2.961E+08  1.789E+07  1.784E+07
  242.4  8.499E+08  2.886E+08  1.737E+07  1.777E+07
  243.0  8.370E+08  2.813E+08  1.687E+07  1.771E+07
  243.6  8.244E+08  2.741E+08  1.638E+07  1.764E+07
  244.2  8.119E+08  2.672E+08  1.590E+07  1.757E+07
  244.8  7.997E+08  2.604E+08  1.544E+07  1.751E+07
  245.4  7.876E+08  2.538E+08  1.500E+07  1.744E+07
  246.0  7.758E+08  2.473E+08  1.457E+07  1.737E+07
  246.6  7.641E+08  2.411E+08  1.414E+07  1.731E+07
  247.2  7.526E+08  2.350E+08  1.374E+07  1.724E+07
  247.8  7.413E+08  2.290E+08  1.334E+07  1.718E+07
  248.4  7.302E+08  2.232E+08  1.296E+07  1.712E+07
  249.0  7.192E+08  2.176E+08  1.258E+07  1.705E+07
  249.6  7.085E+08  2.121E+08  1.222E+07  1.699E+07
  250.2  6.978E+08  2.067E+08  1.187E+07  1.692E+07
  250.8  6.874E+08  2.015E+08  1.153E+07  1.686E+07
  251.4  6.771E+08  1.964E+08  1.120E+07  1.680E+07
  252.0  6.670E+08  1.915E+08  1.087E+07  1.674E+07
  252.6  6.571E+08  1.867E+08  1.056E+07  1.667E+07
  253.2  6.473E+08  1.820E+08  1.026E+07  1.661E+07
  253.8  6.376E+08  1.774E+08  9.964E+06  1.655E+07
  254.4  6.281E+08  1.729E+08  9.678E+06  1.649E+07
  255.0  6.188E+08  1.686E+08  9.400E+06  1.643E+07
  255.6  6.096E+08  1.643E+08  9.131E+06  1.637E+07
  256.2  6.005E+08  1.602E+08  8.869E+06  1.631E+07
  256.8  5.916E+08  1.562E+08  8.615E+06  1.625E+07
  257.4  5.828E+08  1.522E+08  8.369E+06  1.619E+07
  258.0  5.742E+08  1.484E+08  8.129E+06  1.613E+07
  258.6  5.657E+08  1.447E+08  7.897E+06  1.607E+07
  259.2  5.573E+08  1.411E+08  7.671E+06  1.601E+07
  259.8  5.491E+08  1.375E+08  7.452E+06  1.595E+07
  260.4  5.410E+08  1.341E+08  7.239E+06  1.589E+07
  261.0  5.330E+08  1.307E+08  7.032E+06  1.583E+07
  261.6  5.251E+08  1.274E+08  6.831E+06  1.577E+07
  262.2  5.174E+08  1.243E+08  6.636E+06  1.572E+07
  262.8  5.097E+08  1.211E+08  6.447E+06  1.566E+07
  263.4  5.022E+08  1.181E+08  6.263E+06  1.560E+07
  264.0  4.948E+08  1.152E+08  6.084E+06  1.554E+07
  264.6  4.875E+08  1.123E+08  5.911E+06  1.549E+07
  265.2  4.804E+08  1.095E+08  5.743E+06  1.543E+07
  265.8  4.733E+08  1.067E+08  5.579E+06  1.537E+07
  266.4  4.664E+08  1.041E+08  5.420E+06  1.532E+07
  267.0  4.595E+08  1.015E+08  5.266E+06  1.526E+07
  267.6  4.528E+08  9.895E+07  5.116E+06  1.521E+07
  268.2  4.461E+08  9.648E+07  4.971E+06  1.515E+07
  268.8  4.396E+08  9.408E+07  4.829E+06  1.509E+07
  269.4  4.332E+08  9.173E+07  4.692E+06  1.504E+07
  270.0  4.268E+08  8.945E+07  4.559E+06  1.498E+07
  270.6  4.206E+08  8.722E+07  4.429E+06  1.493E+07
  271.2  4.144E+08  8.505E+07  4.304E+06  1.488E+07
  271.8  4.084E+08  8.293E+07  4.182E+06  1.482E+07
  272.4  4.024E+08  8.087E+07  4.063E+06  1.477E+07
  273.0  3.966E+08  7.886E+07  3.948E+06  1.471E+07
  273.6  3.908E+08  7.690E+07  3.836E+06  1.466E+07
  274.2  3.851E+08  7.499E+07  3.727E+06  1.461E+07
  274.8  3.795E+08  7.312E+07  3.622E+06  1.455E+07
  275.4  3.739E+08  7.131E+07  3.519E+06  1.450E+07
  276.0  3.685E+08  6.954E+07  3.419E+06  1.445E+07
  276.6  3.631E+08  6.781E+07  3.323E+06  1.440E+07
  277.2  3.579E+08  6.613E+07  3.229E+06  1.434E+07
  277.8  3.527E+08  6.449E+07  3.137E+06  1.429E+07
  278.4  3.475E+08  6.289E+07  3.048E+06  1.424E+07
  279.0  3.425E+08  6.133E+07  2.962E+06  1.419E+07
  279.6  3.375E+08  5.981E+07  2.879E+06  1.414E+07
  280.2  3.326E+08  5.833E+07  2.797E+06  1.409E+07
  280.8  3.278E+08  5.688E+07  2.718E+06  1.404E+07
  281.4  3.231E+08  5.547E+07  2.641E+06  1.399E+07
  282.0  3.184E+08  5.410E+07  2.567E+06  1.394E+07
  282.6  3.138E+08  5.276E+07  2.494E+06  1.388E+07
  283.2  3.093E+08  5.146E+07  2.424E+06  1.383E+07
  283.8  3.048E+08  5.018E+07  2.356E+06  1.378E+07
  284.4  3.004E+08  4.894E+07  2.289E+06  1.374E+07
  285.0  2.960E+08  4.773E+07  2.225E+06  1.369E+07
  285.6  2.918E+08  4.655E+07  2.162E+06  1.364E+07
  286.2  2.876E+08  4.540E+07  2.101E+06  1.359E+07
  286.8  2.834E+08  4.428E+07  2.042E+06  1.354E+07
  287.4  2.793E+08  4.319E+07  1.984E+06  1.349E+07
  288.0  2.753E+08  4.212E+07  1.929E+06  1.344E+07
  288.6  2.713E+08  4.108E+07  1.874E+06  1.339E+07
  289.2  2.674E+08  4.007E+07  1.822E+06  1.335E+07
  289.8  2.636E+08  3.908E+07  1.770E+06  1.330E+07
  290.4  2.598E+08  3.812E+07  1.721E+06  1.325E+07
  291.0  2.561E+08  3.718E+07  1.672E+06  1.320E+07
  291.6  2.524E+08  3.626E+07  1.625E+06  1.316E+07
  292.2  2.488E+08  3.537E+07  1.580E+06  1.311E+07
  292.8  2.452E+08  3.450E+07  1.535E+06  1.306E+07
  293.4  2.417E+08  3.365E+07  1.492E+06  1.301E+07
  294.0  2.382E+08  3.282E+07  1.450E+06  1.297E+07
  294.6  2.348E+08  3.201E+07  1.409E+06  1.292E+07
  295.2  2.314E+08  3.123E+07  1.370E+06  1.288E+07
  295.8  2.281E+08  3.046E+07  1.332E+06  1.283E+07
  296.4  2.248E+08  2.971E+07  1.294E+06  1.278E+07
  297.0  2.216E+08  2.898E+07  1.258E+06  1.274E+07
  297.6  2.184E+08  2.827E+07  1.223E+06  1.269E+07
  298.2  2.153E+08  2.757E+07  1.188E+06  1.265E+07
  298.8  2.122E+08  2.689E+07  1.155E+06  1.260E+07
  299.4  2.092E+08  2.623E+07  1.123E+06  1.256E+07
  300.0  2.058E+08  2.559E+07  1.091E+06  1.251E+07
  300.6  2.028E+08  2.496E+07  1.061E+06  1.247E+07
  301.2  1.999E+08  2.435E+07  1.031E+06  1.242E+07
  301.8  1.971E+08  2.375E+07  1.002E+06  1.238E+07
  302.4  1.943E+08  2.317E+07  9.741E+05  1.233E+07
  303.0  1.915E+08  2.260E+07  9.469E+05  1.229E+07
  303.6  1.888E+08  2.205E+07  9.204E+05  1.225E+07
  304.2  1.861E+08  2.151E+07  8.947E+05  1.220E+07
  304.8  1.835E+08  2.098E+07  8.697E+05  1.216E+07
  305.4  1.809E+08  2.047E+07  8.454E+05  1.212E+07
  306.0  1.783E+08  1.996E+07  8.217E+05  1.207E+07
  306.6  1.757E+08  1.948E+07  7.988E+05  1.203E+07
  307.2  1.733E+08  1.900E+07  7.765E+05  1.199E+07
  307.8  1.708E+08  1.853E+07  7.548E+05  1.195E+07
  308.4  1.684E+08  1.808E+07  7.337E+05  1.190E+07
  309.0  1.660E+08  1.764E+07  7.133E+05  1.186E+07
  309.6  1.636E+08  1.721E+07  6.934E+05  1.182E+07
  310.2  1.613E+08  1.679E+07  6.740E+05  1.178E+07
  310.8  1.590E+08  1.638E+07  6.552E+05  1.174E+07
  311.4  1.568E+08  1.597E+07  6.370E+05  1.169E+07
  312.0  1.545E+08  1.558E+07  6.192E+05  1.165E+07
  312.6  1.524E+08  1.520E+07  6.019E+05  1.161E+07
  313.2  1.502E+08  1.483E+07  5.852E+05  1.157E+07
  313.8  1.481E+08  1.447E+07  5.689E+05  1.153E+07
  314.4  1.460E+08  1.412E+07  5.530E+05  1.149E+07
  315.0  1.439E+08  1.377E+07  5.376E+05  1.145E+07
  315.6  1.419E+08  1.344E+07  5.227E+05  1.141E+07
  316.2  1.399E+08  1.311E+07  5.081E+05  1.137E+07
  316.8  1.379E+08  1.279E+07  4.940E+05  1.133E+07
  317.4  1.360E+08  1.248E+07  4.802E+05  1.129E+07
  318.0  1.340E+08  1.217E+07  4.669E+05  1.125E+07
  318.6  1.321E+08  1.188E+07  4.539E+05  1.121E+07
  319.2  1.303E+08  1.159E+07  4.413E+05  1.117E+07
  319.8  1.284E+08  1.130E+07  4.290E+05  1.113E+07
  320.4  1.266E+08  1.103E+07  4.171E+05  1.109E+07
  321.0  1.248E+08  1.076E+07  4.055E+05  1.105E+07
  321.6  1.231E+08  1.050E+07  3.942E+05  1.101E+07
  322.2  1.214E+08  1.024E+07  3.833E+05  1.097E+07
  322.8  1.196E+08  9.993E+06  3.726E+05  1.093E+07
  323.4  1.180E+08  9.750E+06  3.623E+05  1.090E+07
  324.0  1.163E+08  9.513E+06  3.522E+05  1.086E+07
  324.6  1.147E+08  9.281E+06  3.425E+05  1.082E+07
  325.2  1.131E+08  9.056E+06  3.330E+05  1.078E+07
  325.8  1.115E+08  8.836E+06  3.237E+05  1.074E+07
  326.4  1.099E+08  8.621E+06  3.148E+05  1.070E+07
  327.0  1.084E+08  8.411E+06  3.060E+05  1.067E+07
  327.6  1.068E+08  8.207E+06  2.976E+05  1.063E+07
  328.2  1.053E+08  8.007E+06  2.893E+05  1.059E+07
  328.8  1.038E+08  7.813E+06  2.813E+05  1.055E+07
  329.4  1.024E+08  7.623E+06  2.735E+05  1.052E+07
  330.0  1.010E+08  7.438E+06  2.659E+05  1.048E+07
  330.6  9.954E+07  7.258E+06  2.586E+05  1.044E+07
  331.2  9.814E+07  7.081E+06  2.514E+05  1.041E+07
  331.8  9.677E+07  6.910E+06  2.444E+05  1.037E+07
  332.4  9.541E+07  6.742E+06  2.377E+05  1.033E+07
  333.0  9.407E+07  6.579E+06  2.311E+05  1.030E+07
  333.6  9.275E+07  6.419E+06  2.247E+05  1.026E+07
  334.2  9.145E+07  6.263E+06  2.185E+05  1.023E+07
  334.8  9.017E+07  6.112E+06  2.125E+05  1.019E+07
  335.4  8.891E+07  5.963E+06  2.066E+05  1.015E+07
  336.0  8.767E+07  5.819E+06  2.009E+05  1.012E+07
  336.6  8.644E+07  5.678E+06  1.953E+05  1.008E+07
  337.2  8.523E+07  5.540E+06  1.899E+05  1.005E+07
  337.8  8.404E+07  5.406E+06  1.847E+05  1.001E+07
  338.4  8.286E+07  5.275E+06  1.796E+05  9.978E+06
  339.0  8.171E+07  5.148E+06  1.746E+05  9.943E+06
  339.6  8.056E+07  5.023E+06  1.698E+05  9.908E+06
  340.2  7.944E+07  4.902E+06  1.651E+05  9.874E+06
  340.8  7.833E+07  4.783E+06  1.606E+05  9.839E+06
  341.4  7.724E+07  4.667E+06  1.561E+05  9.805E+06
  342.0  7.616E+07  4.555E+06  1.518E+05  9.770E+06
  342.6  7.509E+07  4.444E+06  1.476E+05  9.736E+06
  343.2  7.405E+07  4.337E+06  1.436E+05  9.702E+06
  343.8  7.301E+07  4.232E+06  1.396E+05  9.668E+06
  344.4  7.200E+07  4.130E+06  1.358E+05  9.634E+06
  345.0  7.099E+07  4.030E+06  1.320E+05  9.601E+06
  345.6  7.000E+07  3.933E+06  1.284E+05  9.567E+06
  346.2  6.903E+07  3.838E+06  1.248E+05  9.534E+06
  346.8  6.806E+07  3.745E+06  1.214E+05  9.501E+06
  347.4  6.712E+07  3.655E+06  1.181E+05  9.467E+06
  348.0  6.618E+07  3.567E+06  1.148E+05  9.434E+06
  348.6  6.526E+07  3.480E+06  1.116E+05  9.402E+06
  349.2  6.435E+07  3.397E+06  1.086E+05  9.369E+06
  349.8  6.346E+07  3.315E+06  1.056E+05  9.336E+06
  350.4  6.257E+07  3.235E+06  1.027E+05  9.304E+06
  351.0  6.170E+07  3.157E+06  9.986E+04  9.271E+06
  351.6  6.085E+07  3.081E+06  9.711E+04  9.239E+06
  352.2  6.000E+07  3.006E+06  9.444E+04  9.207E+06
  352.8  5.917E+07  2.934E+06  9.184E+04  9.175E+06
  353.4  5.834E+07  2.863E+06  8.932E+04  9.143E+06
  354.0  5.753E+07  2.794E+06  8.686E+04  9.111E+06
  354.6  5.673E+07  2.727E+06  8.448E+04  9.079E+06
  355.2  5.595E+07  2.661E+06  8.216E+04  9.048E+06
  355.8  5.517E+07  2.597E+06  7.990E+04  9.016E+06
  356.4  5.440E+07  2.535E+06  7.771E+04  8.985E+06
  357.0  5.365E+07  2.474E+06  7.557E+04  8.953E+06
  357.6  5.291E+07  2.414E+06  7.350E+04  8.922E+06
  358.2  5.217E+07  2.356E+06  7.148E+04  8.891E+06
  358.8  5.145E+07  2.299E+06  6.952E+04  8.860E+06
  359.4  5.074E+07  2.244E+06  6.761E+04  8.830E+06
  360.0  5.003E+07  2.190E+06  6.576E+04  8.799E+06
  360.6  4.934E+07  2.138E+06  6.396E+04  8.768E+06
  361.2  4.866E+07  2.086E+06  6.220E+04  8.738E+06
  361.8  4.798E+07  2.036E+06  6.050E+04  8.708E+06
  362.4  4.732E+07  1.987E+06  5.884E+04  8.677E+06
  363.0  4.666E+07  1.939E+06  5.723E+04  8.647E+06
  363.6  4.602E+07  1.893E+06  5.566E+04  8.617E+06
  364.2  4.538E+07  1.847E+06  5.413E+04  8.587E+06
  364.8  4.475E+07  1.803E+06  5.265E+04  8.558E+06
  365.4  4.413E+07  1.760E+06  5.121E+04  8.528E+06
  366.0  4.352E+07  1.718E+06  4.981E+04  8.498E+06
  366.6  4.292E+07  1.676E+06  4.844E+04  8.469E+06
  367.2  4.233E+07  1.636E+06  4.712E+04  8.440E+06
  367.8  4.174E+07  1.597E+06  4.583E+04  8.410E+06
  368.4  4.117E+07  1.559E+06  4.458E+04  8.381E+06
  369.0  4.060E+07  1.521E+06  4.336E+04  8.352E+06
  369.6  4.004E+07  1.485E+06  4.217E+04  8.323E+06
  370.2  3.948E+07  1.449E+06  4.102E+04  8.294E+06
  370.8  3.894E+07  1.414E+06  3.990E+04  8.266E+06
  371.4  3.840E+07  1.381E+06  3.881E+04  8.237E+06
  372.0  3.787E+07  1.347E+06  3.775E+04  8.209E+06
  372.6  3.735E+07  1.315E+06  3.671E+04  8.180E+06
  373.2  3.683E+07  1.284E+06  3.571E+04  8.152E+06
  373.8  3.633E+07  1.253E+06  3.474E+04  8.124E+06
  374.4  3.583E+07  1.223E+06  3.379E+04  8.096E+06
  375.0  3.533E+07  1.194E+06  3.287E+04  8.068E+06
  375.6  3.484E+07  1.165E+06  3.197E+04  8.040E+06
  376.2  3.436E+07  1.137E+06  3.110E+04  8.012E+06
  376.8  3.389E+07  1.110E+06  3.025E+04  7.984E+06
  377.4  3.342E+07  1.084E+06  2.942E+04  7.957E+06
  378.0  3.296E+07  1.058E+06  2.862E+04  7.929E+06
  378.6  3.251E+07  1.032E+06  2.784E+04  7.902E+06
  379.2  3.206E+07  1.008E+06  2.708E+04  7.875E+06
  379.8  3.162E+07  9.836E+05  2.634E+04  7.847E+06
  380.4  3.119E+07  9.601E+05  2.562E+04  7.820E+06
  381.0  3.076E+07  9.372E+05  2.493E+04  7.793E+06
  381.6  3.034E+07  9.148E+05  2.425E+04  7.767E+06
  382.2  2.992E+07  8.930E+05  2.359E+04  7.740E+06
  382.8  2.951E+07  8.716E+05  2.294E+04  7.713E+06
  383.4  2.910E+07  8.508E+05  2.232E+04  7.686E+06
  384.0  2.870E+07  8.305E+05  2.171E+04  7.660E+06
  384.6  2.831E+07  8.107E+05  2.112E+04  7.634E+06
  385.2  2.792E+07  7.914E+05  2.055E+04  7.607E+06
  385.8  2.754E+07  7.725E+05  1.999E+04  7.581E+06
  386.4  2.716E+07  7.541E+05  1.944E+04  7.555E+06
  387.0  2.678E+07  7.361E+05  1.891E+04  7.529E+06
  387.6  2.642E+07  7.186E+05  1.840E+04  7.503E+06
  388.2  2.605E+07  7.014E+05  1.790E+04  7.477E+06
  388.8  2.570E+07  6.847E+05  1.741E+04  7.451E+06
  389.4  2.535E+07  6.684E+05  1.694E+04  7.426E+06
  390.0  2.500E+07  6.525E+05  1.648E+04  7.400E+06
  390.6  2.466E+07  6.369E+05  1.603E+04  7.375E+06
  391.2  2.432E+07  6.218E+05  1.560E+04  7.349E+06
  391.8  2.398E+07  6.070E+05  1.517E+04  7.324E+06
  392.4  2.366E+07  5.925E+05  1.476E+04  7.299E+06
  393.0  2.333E+07  5.784E+05  1.436E+04  7.274E+06
  393.6  2.301E+07  5.646E+05  1.397E+04  7.249E+06
  394.2  2.270E+07  5.512E+05  1.359E+04  7.224E+06
  394.8  2.239E+07  5.381E+05  1.322E+04  7.199E+06
  395.4  2.208E+07  5.253E+05  1.286E+04  7.175E+06
  396.0  2.178E+07  5.128E+05  1.251E+04  7.150E+06
  396.6  2.148E+07  5.006E+05  1.217E+04  7.125E+06
  397.2  2.119E+07  4.887E+05  1.184E+04  7.101E+06
  397.8  2.090E+07  4.771E+05  1.152E+04  7.077E+06
  398.4  2.061E+07  4.658E+05  1.121E+04  7.052E+06
  399.0  2.033E+07  4.547E+05  1.091E+04  7.028E+06
  399.6  2.005E+07  4.439E+05  1.061E+04  7.004E+06
  400.2  1.974E+07  4.334E+05  1.032E+04  6.980E+06
  400.8  1.947E+07  4.231E+05  1.004E+04  6.956E+06
  401.4  1.920E+07  4.130E+05  9.772E+03  6.932E+06
  402.0  1.894E+07  4.032E+05  9.507E+03  6.908E+06
  402.6  1.868E+07  3.937E+05  9.250E+03  6.885E+06
  403.2  1.843E+07  3.843E+05  8.999E+03  6.861E+06
  403.8  1.818E+07  3.752E+05  8.756E+03  6.838E+06
  404.4  1.793E+07  3.663E+05  8.519E+03  6.814E+06
  405.0  1.769E+07  3.576E+05  8.288E+03  6.791E+06
  405.6  1.745E+07  3.491E+05  8.064E+03  6.768E+06
  406.2  1.721E+07  3.409E+05  7.846E+03  6.745E+06
  406.8  1.697E+07  3.328E+05  7.634E+03  6.721E+06
  407.4  1.674E+07  3.249E+05  7.427E+03  6.698E+06
  408.0  1.651E+07  3.172E+05  7.227E+03  6.676E+06
  408.6  1.629E+07  3.097E+05  7.031E+03  6.653E+06
  409.2  1.607E+07  3.023E+05  6.841E+03  6.630E+06
  409.8  1.585E+07  2.952E+05  6.656E+03  6.607E+06
  410.4  1.563E+07  2.882E+05  6.477E+03  6.585E+06
  411.0  1.542E+07  2.814E+05  6.302E+03  6.562E+06
  411.6  1.521E+07  2.747E+05  6.131E+03  6.540E+06
  412.2  1.501E+07  2.682E+05  5.966E+03  6.517E+06
  412.8  1.480E+07  2.619E+05  5.805E+03  6.495E+06
  413.4  1.460E+07  2.557E+05  5.648E+03  6.473E+06
  414.0  1.440E+07  2.496E+05  5.496E+03  6.451E+06
  414.6  1.421E+07  2.437E+05  5.348E+03  6.429E+06
  415.2  1.401E+07  2.380E+05  5.203E+03  6.407E+06
  415.8  1.382E+07  2.323E+05  5.063E+03  6.385E+06
  416.4  1.364E+07  2.268E+05  4.926E+03  6.363E+06
  417.0  1.345E+07  2.215E+05  4.794E+03  6.342E+06
  417.6  1.327E+07  2.162E+05  4.664E+03  6.320E+06
  418.2  1.309E+07  2.111E+05  4.539E+03  6.298E+06
  418.8  1.291E+07  2.062E+05  4.416E+03  6.277E+06
  419.4  1.274E+07  2.013E+05  4.297E+03  6.256E+06
  420.0  1.256E+07  1.965E+05  4.182E+03  6.234E+06
  420.6  1.239E+07  1.919E+05  4.069E+03  6.213E+06
  421.2  1.222E+07  1.874E+05  3.959E+03  6.192E+06
  421.8  1.206E+07  1.829E+05  3.853E+03  6.171E+06
  422.4  1.190E+07  1.786E+05  3.749E+03  6.150E+06
  423.0  1.173E+07  1.744E+05  3.648E+03  6.129E+06
  423.6  1.157E+07  1.703E+05  3.550E+03  6.108E+06
  424.2  1.142E+07  1.663E+05  3.455E+03  6.087E+06
  424.8  1.126E+07  1.624E+05  3.362E+03  6.066E+06
  425.4  1.111E+07  1.585E+05  3.271E+03  6.046E+06
  426.0  1.096E+07  1.548E+05  3.183E+03  6.025E+06
  426.6  1.081E+07  1.512E+05  3.098E+03  6.005E+06
  427.2  1.067E+07  1.476E+05  3.014E+03  5.984E+06
  427.8  1.052E+07  1.441E+05  2.933E+03  5.964E+06
  428.4  1.038E+07  1.407E+05  2.855E+03  5.944E+06
  429.0  1.024E+07  1.374E+05  2.778E+03  5.923E+06
  429.6  1.010E+07  1.342E+05  2.703E+03  5.903E+06
  430.2  9.964E+06  1.310E+05  2.631E+03  5.883E+06
  430.8  9.829E+06  1.279E+05  2.560E+03  5.863E+06
  431.4  9.696E+06  1.249E+05  2.491E+03  5.843E+06
  432.0  9.565E+06  1.220E+05  2.424E+03  5.824E+06
  432.6  9.436E+06  1.191E+05  2.359E+03  5.804E+06
  433.2  9.309E+06  1.163E+05  2.296E+03  5.784E+06
  433.8  9.183E+06  1.136E+05  2.234E+03  5.764E+06
  434.4  9.059E+06  1.109E+05  2.175E+03  5.745E+06
  435.0  8.937E+06  1.083E+05  2.116E+03  5.725E+06
  435.6  8.816E+06  1.058E+05  2.059E+03  5.706E+06
  436.2  8.697E+06  1.033E+05  2.004E+03  5.687E+06
  436.8  8.580E+06  1.008E+05  1.951E+03  5.667E+06
  437.4  8.464E+06  9.847E+04  1.898E+03  5.648E+06
  438.0  8.350E+06  9.616E+04  1.847E+03  5.629E+06
  438.6  8.237E+06  9.390E+04  1.798E+03  5.610E+06
  439.2  8.126E+06  9.170E+04  1.750E+03  5.591E+06
  439.8  8.017E+06  8.954E+04  1.703E+03  5.572E+06
  440.4  7.908E+06  8.744E+04  1.657E+03  5.553E+06
  441.0  7.802E+06  8.539E+04  1.613E+03  5.534E+06
  441.6  7.697E+06  8.339E+04  1.570E+03  5.515E+06
  442.2  7.593E+06  8.143E+04  1.528E+03  5.497E+06
  442.8  7.491E+06  7.952E+04  1.487E+03  5.478E+06
  443.4  7.390E+06  7.766E+04  1.447E+03  5.460E+06
  444.0  7.290E+06  7.584E+04  1.408E+03  5.441E+06
  444.6  7.192E+06  7.406E+04  1.371E+03  5.423E+06
  445.2  7.095E+06  7.232E+04  1.334E+03  5.404E+06
  445.8  7.000E+06  7.063E+04  1.298E+03  5.386E+06
  446.4  6.906E+06  6.897E+04  1.264E+03  5.368E+06
  447.0  6.813E+06  6.736E+04  1.230E+03  5.350E+06
  447.6  6.721E+06  6.578E+04  1.197E+03  5.332E+06
  448.2  6.631E+06  6.424E+04  1.165E+03  5.314E+06
  448.8  6.542E+06  6.274E+04  1.134E+03  5.296E+06
  449.4  6.454E+06  6.127E+04  1.104E+03  5.278E+06
  450.0  6.367E+06  5.983E+04  1.074E+03  5.260E+06
  450.6  6.281E+06  5.843E+04  1.045E+03  5.242E+06
  451.2  6.197E+06  5.707E+04  1.018E+03  5.225E+06
  451.8  6.114E+06  5.573E+04  9.904E+02  5.207E+06
  452.4  6.032E+06  5.443E+04  9.640E+02  5.189E+06
  453.0  5.951E+06  5.316E+04  9.383E+02  5.172E+06
  453.6  5.871E+06  5.191E+04  9.133E+02  5.154E+06
  454.2  5.792E+06  5.070E+04  8.889E+02  5.137E+06
  454.8  5.714E+06  4.951E+04  8.652E+02  5.120E+06
  455.4  5.637E+06  4.836E+04  8.421E+02  5.102E+06
  456.0  5.562E+06  4.723E+04  8.197E+02  5.085E+06
  456.6  5.487E+06  4.612E+04  7.978E+02  5.068E+06
  457.2  5.414E+06  4.505E+04  7.766E+02  5.051E+06
  457.8  5.341E+06  4.400E+04  7.559E+02  5.034E+06
  458.4  5.269E+06  4.297E+04  7.358E+02  5.017E+06
  459.0  5.199E+06  4.197E+04  7.162E+02  5.000E+06
  459.6  5.129E+06  4.099E+04  6.971E+02  4.983E+06
  460.2  5.060E+06  4.003E+04  6.785E+02  4.966E+06
  460.8  4.993E+06  3.910E+04  6.605E+02  4.950E+06
  461.4  4.926E+06  3.818E+04  6.429E+02  4.933E+06
  462.0  4.860E+06  3.729E+04  6.258E+02  4.916E+06
  462.6  4.795E+06  3.642E+04  6.091E+02  4.900E+06
  463.2  4.730E+06  3.557E+04  5.929E+02  4.883E+06
  463.8  4.667E+06  3.475E+04  5.772E+02  4.867E+06
  464.4  4.605E+06  3.394E+04  5.618E+02  4.851E+06
  465.0  4.543E+06  3.314E+04  5.469E+02  4.834E+06
  465.6  4.482E+06  3.237E+04  5.323E+02  4.818E+06
  466.2  4.422E+06  3.162E+04  5.182E+02  4.802E+06
  466.8  4.363E+06  3.088E+04  5.044E+02  4.786E+06
  467.4  4.305E+06  3.016E+04  4.910E+02  4.770E+06
  468.0  4.247E+06  2.946E+04  4.780E+02  4.754E+06
  468.6  4.190E+06  2.877E+04  4.653E+02  4.738E+06
  469.2  4.134E+06  2.811E+04  4.529E+02  4.722E+06
  469.8  4.079E+06  2.745E+04  4.409E+02  4.706E+06
  470.4  4.025E+06  2.681E+04  4.292E+02  4.690E+06
  471.0  3.971E+06  2.619E+04  4.178E+02  4.674E+06
  471.6  3.918E+06  2.558E+04  4.067E+02  4.659E+06
  472.2  3.866E+06  2.498E+04  3.959E+02  4.643E+06
  472.8  3.814E+06  2.440E+04  3.854E+02  4.627E+06
  473.4  3.763E+06  2.384E+04  3.752E+02  4.612E+06
  474.0  3.713E+06  2.328E+04  3.653E+02  4.596E+06
  474.6  3.663E+06  2.274E+04  3.556E+02  4.581E+06
  475.2  3.614E+06  2.221E+04  3.462E+02  4.566E+06
  475.8  3.566E+06  2.170E+04  3.370E+02  4.550E+06
  476.4  3.519E+06  2.119E+04  3.281E+02  4.535E+06
  477.0  3.472E+06  2.070E+04  3.194E+02  4.520E+06
  477.6  3.425E+06  2.022E+04  3.109E+02  4.505E+06
  478.2  3.380E+06  1.975E+04  3.027E+02  4.490E+06
  478.8  3.335E+06  1.929E+04  2.947E+02  4.475E+06
  479.4  3.290E+06  1.885E+04  2.869E+02  4.460E+06
  480.0  3.246E+06  1.841E+04  2.793E+02  4.445E+06
  480.6  3.203E+06  1.798E+04  2.719E+02  4.430E+06
  481.2  3.160E+06  1.756E+04  2.647E+02  4.415E+06
  481.8  3.118E+06  1.716E+04  2.577E+02  4.400E+06
  482.4  3.077E+06  1.676E+04  2.509E+02  4.386E+06
  483.0  3.036E+06  1.637E+04  2.442E+02  4.371E+06
  483.6  2.995E+06  1.599E+04  2.378E+02  4.356E+06
  484.2  2.956E+06  1.562E+04  2.315E+02  4.342E+06
  484.8  2.916E+06  1.526E+04  2.254E+02  4.327E+06
  485.4  2.877E+06  1.491E+04  2.194E+02  4.313E+06
  486.0  2.839E+06  1.456E+04  2.136E+02  4.298E+06
  486.6  2.801E+06  1.422E+04  2.080E+02  4.284E+06
  487.2  2.764E+06  1.389E+04  2.025E+02  4.270E+06
  487.8  2.727E+06  1.357E+04  1.971E+02  4.255E+06
  488.4  2.691E+06  1.326E+04  1.919E+02  4.241E+06
  489.0  2.655E+06  1.295E+04  1.868E+02  4.227E+06
  489.6  2.620E+06  1.265E+04  1.819E+02  4.213E+06
  490.2  2.585E+06  1.236E+04  1.771E+02  4.199E+06
  490.8  2.551E+06  1.207E+04  1.724E+02  4.185E+06
  491.4  2.517E+06  1.179E+04  1.679E+02  4.171E+06
  492.0  2.484E+06  1.152E+04  1.635E+02  4.157E+06
  492.6  2.451E+06  1.125E+04  1.591E+02  4.143E+06
  493.2  2.418E+06  1.099E+04  1.550E+02  4.129E+06
  493.8  2.386E+06  1.074E+04  1.509E+02  4.116E+06
  494.4  2.354E+06  1.049E+04  1.469E+02  4.102E+06
  495.0  2.323E+06  1.025E+04  1.430E+02  4.088E+06
  495.6  2.292E+06  1.001E+04  1.392E+02  4.074E+06
  496.2  2.262E+06  9.782E+03  1.356E+02  4.061E+06
  496.8  2.232E+06  9.556E+03  1.320E+02  4.047E+06
  497.4  2.202E+06  9.336E+03  1.285E+02  4.034E+06
  498.0  2.173E+06  9.120E+03  1.251E+02  4.020E+06
  498.6  2.144E+06  8.910E+03  1.219E+02  4.007E+06
  499.2  2.116E+06  8.704E+03  1.186E+02  3.994E+06
  499.8  2.088E+06  8.503E+03  1.155E+02  3.980E+06
  500.4  2.060E+06  8.307E+03  1.125E+02  3.967E+06
  501.0  2.033E+06  8.116E+03  1.095E+02  3.954E+06
  501.6  2.006E+06  7.928E+03  1.066E+02  3.941E+06
  502.2  1.980E+06  7.746E+03  1.038E+02  3.928E+06
  502.8  1.953E+06  7.567E+03  1.011E+02  3.915E+06
  503.4  1.927E+06  7.393E+03  9.845E+01  3.902E+06
  504.0  1.902E+06  7.222E+03  9.586E+01  3.889E+06
  504.6  1.877E+06  7.056E+03  9.334E+01  3.876E+06
  505.2  1.852E+06  6.894E+03  9.089E+01  3.863E+06
  505.8  1.828E+06  6.735E+03  8.850E+01  3.850E+06
  506.4  1.803E+06  6.580E+03  8.617E+01  3.837E+06
  507.0  1.780E+06  6.428E+03  8.391E+01  3.825E+06
  507.6  1.756E+06  6.280E+03  8.171E+01  3.812E+06
  508.2  1.733E+06  6.136E+03  7.956E+01  3.799E+06
  508.8  1.710E+06  5.995E+03  7.747E+01  3.787E+06
  509.4  1.687E+06  5.857E+03  7.544E+01  3.774E+06
  510.0  1.665E+06  5.722E+03  7.346E+01  3.761E+06
  510.6  1.643E+06  5.590E+03  7.153E+01  3.749E+06
  511.2  1.621E+06  5.462E+03  6.966E+01  3.737E+06
  511.8  1.600E+06  5.336E+03  6.783E+01  3.724E+06
  512.4  1.579E+06  5.214E+03  6.605E+01  3.712E+06
  513.0  1.558E+06  5.094E+03  6.432E+01  3.699E+06
  513.6  1.537E+06  4.977E+03  6.263E+01  3.687E+06
  514.2  1.517E+06  4.862E+03  6.099E+01  3.675E+06
  514.8  1.497E+06  4.751E+03  5.939E+01  3.663E+06
  515.4  1.477E+06  4.642E+03  5.784E+01  3.651E+06
  516.0  1.458E+06  4.535E+03  5.632E+01  3.639E+06
  516.6  1.439E+06  4.431E+03  5.485E+01  3.627E+06
  517.2  1.420E+06  4.329E+03  5.341E+01  3.615E+06
  517.8  1.401E+06  4.230E+03  5.201E+01  3.603E+06
  518.4  1.383E+06  4.133E+03  5.065E+01  3.591E+06
  519.0  1.364E+06  4.038E+03  4.932E+01  3.579E+06
  519.6  1.346E+06  3.945E+03  4.803E+01  3.567E+06
  520.2  1.329E+06  3.855E+03  4.678E+01  3.555E+06
  520.8  1.311E+06  3.767E+03  4.555E+01  3.543E+06
  521.4  1.294E+06  3.680E+03  4.436E+01  3.532E+06
  522.0  1.277E+06  3.596E+03  4.320E+01  3.520E+06
  522.6  1.260E+06  3.513E+03  4.207E+01  3.508E+06
  523.2  1.243E+06  3.433E+03  4.097E+01  3.497E+06
  523.8  1.227E+06  3.354E+03  3.990E+01  3.485E+06
  524.4  1.211E+06  3.277E+03  3.886E+01  3.474E+06
  525.0  1.195E+06  3.202E+03  3.784E+01  3.462E+06
  525.6  1.179E+06  3.129E+03  3.685E+01  3.451E+06
  526.2  1.164E+06  3.057E+03  3.589E+01  3.439E+06
  526.8  1.149E+06  2.987E+03  3.495E+01  3.428E+06
  527.4  1.133E+06  2.919E+03  3.404E+01  3.417E+06
  528.0  1.119E+06  2.852E+03  3.315E+01  3.405E+06
  528.6  1.104E+06  2.787E+03  3.229E+01  3.394E+06
  529.2  1.089E+06  2.723E+03  3.144E+01  3.383E+06
  529.8  1.075E+06  2.661E+03  3.062E+01  3.372E+06
  530.4  1.061E+06  2.600E+03  2.982E+01  3.361E+06
  531.0  1.047E+06  2.541E+03  2.905E+01  3.350E+06
  531.6  1.033E+06  2.483E+03  2.829E+01  3.338E+06
  532.2  1.020E+06  2.426E+03  2.755E+01  3.327E+06
  532.8  1.006E+06  2.371E+03  2.683E+01  3.317E+06
  533.4  9.931E+05  2.316E+03  2.613E+01  3.306E+06
  534.0  9.801E+05  2.263E+03  2.545E+01  3.295E+06
  534.6  9.672E+05  2.212E+03  2.479E+01  3.284E+06
  535.2  9.545E+05  2.161E+03  2.414E+01  3.273E+06
  535.8  9.420E+05  2.112E+03  2.351E+01  3.262E+06
  536.4  9.297E+05  2.064E+03  2.290E+01  3.251E+06
  537.0  9.175E+05  2.017E+03  2.231E+01  3.241E+06
  537.6  9.055E+05  1.971E+03  2.173E+01  3.230E+06
  538.2  8.936E+05  1.926E+03  2.116E+01  3.219E+06
  538.8  8.819E+05  1.882E+03  2.061E+01  3.209E+06
  539.4  8.703E+05  1.839E+03  2.007E+01  3.198E+06
  540.0  8.589E+05  1.797E+03  1.955E+01  3.188E+06
  540.6  8.477E+05  1.756E+03  1.904E+01  3.177E+06
  541.2  8.366E+05  1.716E+03  1.855E+01  3.167E+06
  541.8  8.257E+05  1.677E+03  1.806E+01  3.156E+06
  542.4  8.149E+05  1.639E+03  1.759E+01  3.146E+06
  543.0  8.042E+05  1.601E+03  1.714E+01  3.136E+06
  543.6  7.937E+05  1.565E+03  1.669E+01  3.125E+06
  544.2  7.833E+05  1.529E+03  1.626E+01  3.115E+06
  544.8  7.730E+05  1.494E+03  1.584E+01  3.105E+06
  545.4  7.629E+05  1.460E+03  1.542E+01  3.095E+06
  546.0  7.530E+05  1.427E+03  1.502E+01  3.085E+06
  546.6  7.431E+05  1.395E+03  1.463E+01  3.074E+06
  547.2  7.334E+05  1.363E+03  1.425E+01  3.064E+06
  547.8  7.238E+05  1.332E+03  1.388E+01  3.054E+06
  548.4  7.144E+05  1.302E+03  1.352E+01  3.044E+06
  549.0  7.050E+05  1.272E+03  1.317E+01  3.034E+06
  549.6  6.958E+05  1.243E+03  1.283E+01  3.024E+06
  550.2  6.868E+05  1.215E+03  1.250E+01  3.014E+06
  550.8  6.778E+05  1.187E+03  1.217E+01  3.005E+06
  551.4  6.689E+05  1.160E+03  1.186E+01  2.995E+06
  552.0  6.602E+05  1.134E+03  1.155E+01  2.985E+06
  552.6  6.516E+05  1.108E+03  1.125E+01  2.975E+06
  553.2  6.431E+05  1.083E+03  1.096E+01  2.965E+06
  553.8  6.347E+05  1.058E+03  1.068E+01  2.956E+06
  554.4  6.264E+05  1.034E+03  1.040E+01  2.946E+06
  555.0  6.183E+05  1.011E+03  1.013E+01  2.936E+06
  555.6  6.102E+05  9.878E+02  9.867E+00  2.927E+06
  556.2  6.023E+05  9.654E+02  9.611E+00  2.917E+06
  556.8  5.944E+05  9.435E+02  9.363E+00  2.908E+06
  557.4  5.867E+05  9.220E+02  9.120E+00  2.898E+06
  558.0  5.790E+05  9.011E+02  8.884E+00  2.889E+06
  558.6  5.715E+05  8.807E+02  8.654E+00  2.879E+06
  559.2  5.640E+05  8.607E+02  8.430E+00  2.870E+06
  559.8  5.567E+05  8.412E+02  8.212E+00  2.860E+06
  560.4  5.494E+05  8.221E+02  8.000E+00  2.851E+06
  561.0  5.423E+05  8.035E+02  7.793E+00  2.842E+06
  561.6  5.352E+05  7.853E+02  7.591E+00  2.832E+06
  562.2  5.283E+05  7.675E+02  7.395E+00  2.823E+06
  562.8  5.214E+05  7.501E+02  7.204E+00  2.814E+06
  563.4  5.146E+05  7.331E+02  7.018E+00  2.805E+06
  564.0  5.079E+05  7.165E+02  6.836E+00  2.795E+06
  564.6  5.013E+05  7.003E+02  6.660E+00  2.786E+06
  565.2  4.948E+05  6.844E+02  6.488E+00  2.777E+06
  565.8  4.884E+05  6.689E+02  6.320E+00  2.768E+06
  566.4  4.820E+05  6.538E+02  6.157E+00  2.759E+06
  567.0  4.758E+05  6.390E+02  5.998E+00  2.750E+06
  567.6  4.696E+05  6.246E+02  5.843E+00  2.741E+06
  568.2  4.635E+05  6.104E+02  5.692E+00  2.732E+06
  568.8  4.575E+05  5.966E+02  5.545E+00  2.723E+06
  569.4  4.515E+05  5.831E+02  5.402E+00  2.714E+06
  570.0  4.457E+05  5.699E+02  5.263E+00  2.706E+06
  570.6  4.399E+05  5.571E+02  5.127E+00  2.697E+06
  571.2  4.342E+05  5.445E+02  4.995E+00  2.688E+06
  571.8  4.285E+05  5.322E+02  4.866E+00  2.679E+06
  572.4  4.230E+05  5.201E+02  4.741E+00  2.670E+06
  573.0  4.175E+05  5.084E+02  4.619E+00  2.662E+06
  573.6  4.121E+05  4.969E+02  4.500E+00  2.653E+06
  574.2  4.067E+05  4.857E+02  4.384E+00  2.644E+06
  574.8  4.015E+05  4.747E+02  4.271E+00  2.636E+06
  575.4  3.963E+05  4.640E+02  4.161E+00  2.627E+06
  576.0  3.911E+05  4.535E+02  4.054E+00  2.619E+06
  576.6  3.861E+05  4.433E+02  3.949E+00  2.610E+06
  577.2  3.811E+05  4.333E+02  3.848E+00  2.602E+06
  577.8  3.761E+05  4.235E+02  3.749E+00  2.593E+06
  578.4  3.712E+05  4.140E+02  3.652E+00  2.585E+06
  579.0  3.664E+05  4.046E+02  3.558E+00  2.576E+06
  579.6  3.617E+05  3.955E+02  3.467E+00  2.568E+06
  580.2  3.570E+05  3.866E+02  3.377E+00  2.560E+06
  580.8  3.524E+05  3.779E+02  3.291E+00  2.551E+06
  581.4  3.478E+05  3.694E+02  3.206E+00  2.543E+06
  582.0  3.433E+05  3.611E+02  3.124E+00  2.535E+06
  582.6  3.389E+05  3.529E+02  3.043E+00  2.526E+06
  583.2  3.345E+05  3.450E+02  2.965E+00  2.518E+06
  583.8  3.302E+05  3.372E+02  2.889E+00  2.510E+06
  584.4  3.259E+05  3.296E+02  2.815E+00  2.502E+06
  585.0  3.217E+05  3.222E+02  2.742E+00  2.494E+06
  585.6  3.175E+05  3.149E+02  2.672E+00  2.486E+06
  586.2  3.134E+05  3.078E+02  2.603E+00  2.478E+06
  586.8  3.094E+05  3.009E+02  2.536E+00  2.470E+06
  587.4  3.054E+05  2.942E+02  2.471E+00  2.462E+06
  588.0  3.014E+05  2.875E+02  2.408E+00  2.454E+06
  588.6  2.976E+05  2.811E+02  2.346E+00  2.446E+06
  589.2  2.937E+05  2.747E+02  2.286E+00  2.438E+06
  589.8  2.899E+05  2.686E+02  2.227E+00  2.430E+06
  590.4  2.862E+05  2.625E+02  2.170E+00  2.422E+06
  591.0  2.825E+05  2.566E+02  2.115E+00  2.414E+06
  591.6  2.788E+05  2.509E+02  2.060E+00  2.406E+06
  592.2  2.752E+05  2.452E+02  2.008E+00  2.398E+06
  592.8  2.717E+05  2.397E+02  1.956E+00  2.391E+06
  593.4  2.682E+05  2.343E+02  1.906E+00  2.383E+06
  594.0  2.647E+05  2.291E+02  1.857E+00  2.375E+06
  594.6  2.613E+05  2.239E+02  1.810E+00  2.368E+06
  595.2  2.580E+05  2.189E+02  1.763E+00  2.360E+06
  595.8  2.546E+05  2.140E+02  1.718E+00  2.352E+06
  596.4  2.513E+05  2.092E+02  1.674E+00  2.345E+06
  597.0  2.481E+05  2.045E+02  1.631E+00  2.337E+06
  597.6  2.449E+05  1.999E+02  1.589E+00  2.329E+06
  598.2  2.418E+05  1.954E+02  1.549E+00  2.322E+06
  598.8  2.386E+05  1.910E+02  1.509E+00  2.314E+06
  599.4  2.356E+05  1.868E+02  1.471E+00  2.307E+06
